.Random.seed <-
c(403L, 25L, -1117116841L, 67539095L, 1160287663L, -1583353181L, 
-1981891220L, 2139890706L, -1387286746L, 1674384626L, 2079430652L, 
-1877363379L, -159477380L, 1556861876L, 301522871L, -686019759L, 
1770370100L, -541626792L, -1394328155L, -1567904160L, 1027442719L, 
-1248501755L, -1710900546L, 1155537349L, 1004636484L, 30373959L, 
704184367L, 1512499590L, 1862480848L, 2068883184L, -2040960522L, 
-1008864284L, 335761160L, -249144656L, -816982129L, -1075895293L, 
2129336091L, -755324384L, 1928055075L, -665487017L, -676917944L, 
843573521L, 2145290896L, -687445034L, 1980283002L, 1689102471L, 
-478375289L, 1895893807L, 744416618L, 1634722610L, -1854636867L, 
1595085102L, 1296855396L, 1065789894L, -319285967L, 1523630312L, 
-1013317192L, -64234316L, -2045820663L, -849371566L, 2126437816L, 
-1295686859L, -1929793400L, -505630953L, 1730986592L, 2071814316L, 
528676884L, 1563008804L, -2137916382L, -1266971419L, 333499818L, 
-598986790L, -398133643L, -432472153L, -705054190L, 22402594L, 
1779171364L, -992061924L, 170594751L, -1720814598L, -1298192739L, 
-739661885L, 1584294838L, -1418542069L, -291352905L, 516777492L, 
-593659189L, -1444069007L, -1943556975L, 222551861L, 1888620188L, 
1970251606L, -1312939704L, -1377797834L, -926297191L, 1562424202L, 
1128581928L, 430204723L, 1848538736L, -1337543024L, -715842154L, 
1184670639L, 1660553739L, 1955185748L, 632277884L, -1072134390L, 
1108612564L, 418203035L, -287764297L, -303636598L, -135588283L, 
-1547502306L, 827254463L, -38306715L, 1093062112L, -632343874L, 
-836170357L, -1949555669L, -1913248792L, -375641627L, -385327065L, 
-1964395326L, -1929386310L, 2141794043L, -1213630559L, -1415419561L, 
-313458264L, -431726491L, 950539980L, 647834956L, -1361436713L, 
-924015048L, 1503234880L, -1595390421L, -1285117697L, 1753115361L, 
381626231L, -160095331L, -2088636637L, -1012889681L, -1337984953L, 
2092716447L, -1884628414L, 1160924123L, 573035138L, 1125508304L, 
202535046L, -479243833L, -1160453071L, 2084167065L, 1992802743L, 
944604907L, 388484861L, -526051699L, -2003689812L, -1818739763L, 
1824576192L, 1048852175L, -1441405828L, 296966777L, -1440424992L, 
1690551416L, -1645458454L, 1709782418L, 586962324L, 1970433172L, 
896811478L, 1999205771L, 2127259920L, 1597620006L, -1298428920L, 
-972418704L, 343405687L, -1936739076L, 1529298672L, -581925877L, 
1599609956L, -1509143308L, -480766909L, 1648926604L, -2008457208L, 
917087951L, 1684070626L, -1598839144L, 1274861354L, -960226501L, 
-35704783L, 1894042663L, 1676630713L, 2056556318L, 2035382599L, 
868280763L, -1049093148L, -1099988294L, 1117173668L, -1071239602L, 
-1410885059L, -1441652806L, 366466933L, 2051795955L, 1120199478L, 
-455146181L, -522319432L, 993373342L, -1355664161L, -1508777951L, 
-293335418L, -1585851408L, 427285468L, -149920912L, -1282551440L, 
-211004509L, -1424746021L, 1688140475L, 1674201415L, -1929146559L, 
-912170567L, -62344310L, -1092806926L, -1246021062L, 440350829L, 
-1593650528L, 1185855529L, 2057865672L, -1797502699L, -2069282357L, 
-528895179L, -466832217L, -597288138L, -531404419L, -769175163L, 
663628924L, -1532195890L, 1565518858L, 1500914688L, -1253566205L, 
1260953595L, 1042626455L, -2015370495L, -1573718406L, -801879914L, 
-381086878L, 1069827205L, 838819016L, 1843441938L, -521244198L, 
-1782674495L, -1810703925L, -724882680L, -336509566L, -878978313L, 
716372893L, -1152638815L, 864046587L, -624103115L, 1544188372L, 
387884392L, 399212522L, 387834186L, -1735420870L, 73569636L, 
1636839592L, 881160500L, -69377505L, 1027161278L, 2075574176L, 
-849992406L, 1845963192L, -196270920L, -38072116L, -519173539L, 
301504121L, 1318959516L, 252478034L, 1649466379L, -440682297L, 
26194416L, -789737511L, -1969290789L, -830183997L, -1556898757L, 
173858775L, -1529319820L, 1154047295L, 243738985L, 533233720L, 
-1706589739L, -1359325829L, -545056903L, -169354676L, 1359395040L, 
509220567L, -1297624414L, 442754090L, 12278769L, 590009052L, 
330779211L, -1909777153L, -1862876049L, 1834020448L, 2033323968L, 
1113022042L, -282341924L, -1322069535L, -2098855572L, 335878292L, 
-1474463254L, 228197301L, 744913480L, 2061140484L, 659748305L, 
-2076453135L, 672401868L, -1011601153L, -1604384102L, -983048921L, 
1033125616L, -950267526L, -502778985L, 299236368L, 1694901213L, 
859894611L, -1714964741L, 1446268535L, -1264102303L, -1353074828L, 
1803904661L, -709685485L, -1485094881L, -1840804368L, 1151181806L, 
1145109007L, -1899173150L, -1274760505L, 521983187L, -2020291938L, 
-766419713L, -1666384525L, -29890440L, 682840686L, -2003872625L, 
323018223L, -565997147L, 266033036L, -133172093L, -819383908L, 
1423556879L, -1013053042L, 1338980619L, 1769503026L, 1041945612L, 
-466119199L, 611468901L, 1709352978L, 1644737615L, -1534875628L, 
-680098130L, -1315877197L, -779015310L, 155488905L, 760755923L, 
-1565631353L, 1872177246L, -1203393618L, 1583218928L, 1694254984L, 
1578854355L, 1761573293L, -175025192L, -190915870L, 1505710092L, 
1599730440L, 1595984347L, 1839949372L, -759834683L, -130993213L, 
158734203L, 1476818206L, -1515657154L, 2139499536L, -681619709L, 
-723407394L, -555536288L, 24711964L, 674232945L, 1992352391L, 
-1459207950L, 1455908513L, 386932000L, 1700116058L, -767144307L, 
2000847762L, -902492561L, 105120170L, -400896215L, 1357098517L, 
-1725982015L, 961846781L, -736928446L, -1753772016L, -238937784L, 
1361653833L, -1896611613L, 212217740L, 1049706758L, -849983404L, 
950548915L, 2121425891L, -1835287484L, 1072505049L, 1174372171L, 
-2136443251L, 1822510316L, -986948847L, -749614488L, -1153084494L, 
800195367L, -925878000L, 2110836229L, -2091324187L, 2115718608L, 
-1754576308L, -2076983409L, 1424022214L, 419427672L, -474765961L, 
1509069335L, -265989946L, 965909758L, -404716777L, -270290628L, 
-994182154L, -1445184574L, -1516393838L, 737335007L, 645320571L, 
-100043726L, 1275620634L, 812999774L, 2129519123L, 1477358436L, 
-1345691805L, 1583863241L, 100233696L, -1220705778L, -1234737901L, 
6581377L, -1741381337L, -946677699L, 1236995949L, 2128091363L, 
226912192L, -1614169754L, 1942447113L, 1620325202L, 948002996L, 
-1915062274L, -288359343L, 236564183L, 1855454264L, 1074820273L, 
-990934562L, -950104321L, 1583460344L, 120127388L, 910304748L, 
1100586875L, -1020177814L, -1183946801L, -869443568L, -1299685452L, 
110258784L, -205175090L, -430512722L, 1205814264L, -1557468346L, 
277288916L, -1622051247L, -1793068661L, -1728972079L, -997156151L, 
1896129628L, -1898170260L, -408953320L, 843649052L, -173544642L, 
-1539165700L, -463244448L, -108135245L, 1176621111L, 756273979L, 
-1751356763L, -577368394L, 455581191L, -1925541692L, -1674934663L, 
-337255795L, -2044282111L, 380832838L, 296637558L, -955595403L, 
497099793L, -315916332L, -2114613644L, -250238650L, -1159023264L, 
1905063939L, -1323232354L, -1721856158L, 759967567L, -489323726L, 
-2067568562L, -899922409L, -186032006L, 1022663165L, -1031356470L, 
-1754739832L, -229244109L, 1457699636L, 2098781754L, -1553618398L, 
-823768076L, -564333890L, 2129026287L, -1181114260L, -389448233L, 
697095166L, 546550518L, 2001606580L, -456749749L, -1934680857L, 
1677986048L, 307387628L, -266117886L, 777278625L, 1343900359L, 
-518475081L, 1671948780L, 99187445L, -932231178L, -320373873L, 
-405841285L, 922206073L, -1500566145L, 1597943618L, 1248844923L, 
-1865557039L, -496257501L, -1773832375L, 823309079L, 805382985L, 
647658706L, -952978316L, -1705956192L, 481635804L, -98082433L, 
-494118540L, -471589089L, 1430258243L, -658101169L, 1257883960L, 
-1394532888L, 843399396L, -1385310673L, -579015316L, 732169833L, 
1584916000L, -687650617L, 1354755324L, 804117526L, 1910763652L, 
1030030996L, 1062887987L, 500678211L, 1074743889L, -745644123L, 
-430746237L, -167946780L, -724643653L, -1020613980L, -563797437L, 
860747883L, 86806408L, 1794704785L, 1830678735L, 428461988L, 
551931426L, 1389882986L, -784390461L, 518476910L, 338639232L, 
-2081321388L, -1346935572L, 941893725L, -1995779953L, 627839929L, 
-1900368672L, -232871672L, 48526372L, 438739503L, 598628002L, 
